x <- c(1, 1, 1, 1, 1, 1, 1, 1, 1, 1, 1, 1, 1, 1, 1, 1, 1, 1, 1, 1,
       2, 2, 2, 2, 2, 2, 2, 2, 2, 2, 2, 2, 2, 2, 2, 2, 2, 2, 2, 2, 
       3, 3, 3, 3, 3, 3, 3, 3, 3, 3, 3, 3, 3, 3, 3, 3, 3, 3, 3, 3, 
       4, 4, 4, 4, 4, 4, 4, 4, 4, 4, 4, 4, 4, 4, 4, 4, 4, 4, 4, 4,
       5, 5, 5, 5, 5, 5, 5, 5, 5, 5, 5, 5, 5, 5, 5, 5, 5, 5, 5, 5, 
       6, 6, 6, 6, 6, 6, 6, 6, 6, 6, 6, 6, 6, 6, 6, 6, 6, 6, 6, 6, 
       7, 7, 7, 7, 7, 7, 7, 7, 7, 7, 7, 7, 7, 7, 7, 7, 7, 7, 7, 7,
       8, 8, 8, 8, 8, 8, 8, 8, 8, 8, 8, 8, 8, 8, 8, 8, 8, 8, 8, 8,
       9, 9, 9, 9, 9, 9, 9, 9, 9, 9, 9, 9, 9, 9, 9, 9, 9, 9, 9, 9,
       10, 10, 10, 10, 10, 10, 10, 10, 10, 10, 10, 10, 10, 10, 10, 10, 10, 10, 10, 10,
       11, 11, 11, 11, 11, 11, 11, 11, 11, 11, 11, 11, 11, 11, 11, 11, 11, 11, 11, 11, 
       12, 12, 12, 12, 12, 12, 12, 12, 12, 12, 12, 12, 12, 12, 12, 12, 12, 12, 12, 12, 
       13, 13, 13, 13, 13, 13, 13, 13, 13, 13, 13, 13, 13, 13, 13, 13, 13, 13, 13, 13,
       14, 14, 14, 14, 14, 14, 14, 14, 14, 14, 14, 14, 14, 14, 14, 14, 14, 14, 14, 14,
       15, 15, 15, 15, 15, 15, 15, 15, 15, 15, 15, 15, 15, 15, 15, 15, 15, 15, 15, 15, 
       16, 16, 16, 16, 16, 16, 16, 16, 16, 16, 16, 16, 16, 16, 16, 16, 16, 16, 16, 16, 
       17, 17, 17, 17, 17, 17, 17, 17, 17, 17, 17, 17, 17, 17, 17, 17, 17, 17, 17, 17,
       18, 18, 18, 18, 18, 18, 18, 18, 18, 18, 18, 18, 18, 18, 18, 18, 18, 18, 18, 18, 
       19, 19, 19, 19, 19, 19, 19, 19, 19, 19, 19, 19, 19, 19, 19, 19, 19, 19, 19, 19, 
       20, 20, 20, 20, 20, 20, 20, 20, 20, 20, 20, 20, 20, 20, 20, 20, 20, 20, 20, 20)
y <- c(1, 2, 3, 4, 5, 6, 7, 8, 9, 10, 11, 12, 13, 14, 15, 16, 17, 18, 19, 20,
       1, 2, 3, 4, 5, 6, 7, 8, 9, 10, 11, 12, 13, 14, 15, 16, 17, 18, 19, 20,
       1, 2, 3, 4, 5, 6, 7, 8, 9, 10, 11, 12, 13, 14, 15, 16, 17, 18, 19, 20,
       1, 2, 3, 4, 5, 6, 7, 8, 9, 10, 11, 12, 13, 14, 15, 16, 17, 18, 19, 20,
       1, 2, 3, 4, 5, 6, 7, 8, 9, 10, 11, 12, 13, 14, 15, 16, 17, 18, 19, 20,
       1, 2, 3, 4, 5, 6, 7, 8, 9, 10, 11, 12, 13, 14, 15, 16, 17, 18, 19, 20,
       1, 2, 3, 4, 5, 6, 7, 8, 9, 10, 11, 12, 13, 14, 15, 16, 17, 18, 19, 20,
       1, 2, 3, 4, 5, 6, 7, 8, 9, 10, 11, 12, 13, 14, 15, 16, 17, 18, 19, 20,
       1, 2, 3, 4, 5, 6, 7, 8, 9, 10, 11, 12, 13, 14, 15, 16, 17, 18, 19, 20,
       1, 2, 3, 4, 5, 6, 7, 8, 9, 10, 11, 12, 13, 14, 15, 16, 17, 18, 19, 20,
  1, 2, 3, 4, 5, 6, 7, 8, 9, 10, 11, 12, 13, 14, 15, 16, 17, 18, 19, 20,
  1, 2, 3, 4, 5, 6, 7, 8, 9, 10, 11, 12, 13, 14, 15, 16, 17, 18, 19, 20,
  1, 2, 3, 4, 5, 6, 7, 8, 9, 10, 11, 12, 13, 14, 15, 16, 17, 18, 19, 20,
  1, 2, 3, 4, 5, 6, 7, 8, 9, 10, 11, 12, 13, 14, 15, 16, 17, 18, 19, 20,
  1, 2, 3, 4, 5, 6, 7, 8, 9, 10, 11, 12, 13, 14, 15, 16, 17, 18, 19, 20,
  1, 2, 3, 4, 5, 6, 7, 8, 9, 10, 11, 12, 13, 14, 15, 16, 17, 18, 19, 20,
  1, 2, 3, 4, 5, 6, 7, 8, 9, 10, 11, 12, 13, 14, 15, 16, 17, 18, 19, 20,
  1, 2, 3, 4, 5, 6, 7, 8, 9, 10, 11, 12, 13, 14, 15, 16, 17, 18, 19, 20,
  1, 2, 3, 4, 5, 6, 7, 8, 9, 10, 11, 12, 13, 14, 15, 16, 17, 18, 19, 20,
  1, 2, 3, 4, 5, 6, 7, 8, 9, 10, 11, 12, 13, 14, 15, 16, 17, 18, 19, 20)


plot(x,y, xlab="1 Mile; Unit = 264'", ylab="1 Mile", main="Survey Path: Parallel Search Pattern", ylim=c(0,20), xlim=c(0,20), pch = 1, cex = 0.5, col="black")

#segments(x[1], y[1], x[1], y[20], col= 'blue')
arrows(x[1], y[1], x[1], y[20], col= 'blue')
segments(1, 20, x1 = 2, y1 = 20, col= 'blue')
segments(2, 20, x1 = 2, y1 = 1, col= 'blue')
segments(2, 1, x1 = 3, y1 = 1, col= 'blue')
segments(3, 1, x1 = 3, y1 = 20, col= 'blue')
segments(3, 20, x1 = 4, y1 = 20, col= 'blue')
segments(4, 20, x1 = 4, y1 = 1, col= 'blue')
segments(4, 1, x1 = 5, y1 = 1, col= 'blue')
segments(5, 1, x1 = 5, y1 = 20, col= 'blue')
segments(5, 20, x1 = 6, y1 = 20, col= 'blue')
segments(6, 20, x1 = 6, y1 = 1, col= 'blue')
segments(6, 1, x1 = 7, y1 = 1, col= 'blue')
segments(7, 1, x1 = 7, y1 = 20, col= 'blue')
segments(7, 20, x1 = 8, y1 = 20, col= 'blue')
segments(8, 20, x1 = 8, y1 = 1, col= 'blue')
segments(8, 1, x1 = 9, y1 = 1, col= 'blue')
segments(9, 1, x1 = 9, y1 = 20, col= 'blue')
segments(9, 20, x1 = 10, y1 = 20, col= 'blue')
segments(10, 20, x1 = 10, y1 = 1, col= 'blue')
segments(10, 1, x1 = 11, y1 = 1, col= 'blue')
segments(11, 1, x1 = 11, y1 = 20, col= 'blue')
segments(11, 20, x1 = 12, y1 = 20, col= 'blue')
segments(12, 20, x1 = 12, y1 = 1, col= 'blue')
segments(12, 1, x1 = 13, y1 = 1, col= 'blue')
segments(13, 1, x1 = 13, y1 = 20, col= 'blue')
segments(13, 20, x1 = 14, y1 = 20, col= 'blue')
segments(14, 20, x1 = 14, y1 = 1, col= 'blue')
segments(14, 1, x1 = 15, y1 = 1, col= 'blue')
segments(15, 1, x1 = 15, y1 = 20, col= 'blue')
segments(15, 20, x1 = 16, y1 = 20, col= 'blue')
segments(16, 20, x1 = 16, y1 = 1, col= 'blue')
segments(16, 1, x1 = 17, y1 = 1, col= 'blue')
segments(17, 1, x1 = 17, y1 = 20, col= 'blue')
segments(17, 20, x1 = 18, y1 = 20, col= 'blue')
segments(18, 20, x1 = 18, y1 = 1, col= 'blue')
segments(18, 1, x1 = 19, y1 = 1, col= 'blue')
segments(19, 1, x1 = 19, y1 = 20, col= 'blue')
segments(19, 20, x1 = 20, y1 = 20, col= 'blue')
arrows(20, 20, x1 = 20, y1 = 1, col= 'blue')